12345
12354
12435
12453
12543
12534
13245
13254
13425
13452
13542
13524
14325
14352
14235
14253
14523
14532
15342
15324
15432
15423
15243
15234
21345
21354
21435
21453
21543
21534
23145
23154
23415
23451
23541
23514
24315
24351
24135
24153
24513
24531
25341
25314
25431
25413
25143
25134
32145
32154
32415
32451
32541
32514
31245
31254
31425
31452
31542
31524
34125
34152
34215
34251
34521
34512
35142
35124
35412
35421
35241
35214
42315
42351
42135
42153
42513
42531
43215
43251
43125
43152
43512
43521
41325
41352
41235
41253
41523
41532
45312
45321
45132
45123
45213
45231
52341
52314
52431
52413
52143
52134
53241
53214
53421
53412
53142
53124
54321
54312
54231
54213
54123
54132
51342
51324
51432
51423
51243
51234
12345
12354
12435
12453
12543
12534
13245
13254
13425
13452
13542
13524
14325
14352
14235
14253
14523
14532
15342
15324
15432
15423
15243
15234
21345
21354
21435
21453
21543
21534
23145
23154
23415
23451
23541
23514
24315
24351
24135
24153
24513
24531
25341
25314
25431
25413
25143
25134
32145
32154
32415
32451
32541
32514
31245
31254
31425
31452
31542
31524
34125
34152
34215
34251
34521
34512
35142
35124
35412
35421
35241
35214
42315
42351
42135
42153
42513
42531
43215
43251
43125
43152
43512
43521
41325
41352
41235
41253
41523
41532
45312
45321
45132
45123
45213
45231
52341
52314
52431
52413
52143
52134
53241
53214
53421
53412
53142
53124
54321
54312
54231
54213
54123
54132
51342
51324
51432
51423
51243
51234
123450
123540
125341
125431
123450
123540
132540
132450
134251
134521
132540
132450
142350
142530
145231
145321
142350
142530
132540
132450
134251
134521
132540
132450
312451
312541
315240
315420
312451
312541
321541
321451
324150
324510
321541
321451
341251
341521
345120
345210
341251
341521
321541
321451
324150
324510
321541
321451
123450
123540
125341
125431
123450
123540
132540
132450
134251
134521
132540
132450
142350
142530
145231
145321
142350
142530
132540
132450
134251
134521
132540
132450
432151
432511
435210
435120
432151
432511
423511
423151
421350
421530
423511
423151
413251
413521
415320
415230
413251
413521
423511
423151
421350
421530
423511
423151
523140
523410
524311
524131
523140
523410
532410
532140
531241
531421
532410
532140
512340
512430
514231
514321
512340
512430
532410
532140
531241
531421
532410
532140
12345 0
12354 0
12534 1
12543 1
12345 0
12354 0
13254 0
13245 0
13425 1
13452 1
13254 0
13245 0
14235 0
14253 0
14523 1
14532 1
14235 0
14253 0
13254 0
13245 0
13425 1
13452 1
13254 0
13245 0
31245 1
31254 1
31524 0
31542 0
31245 1
31254 1
32154 1
32145 1
32415 0
32451 0
32154 1
32145 1
34125 1
34152 1
34512 0
34521 0
34125 1
34152 1
32154 1
32145 1
32415 0
32451 0
32154 1
32145 1
12345 0
12354 0
12534 1
12543 1
12345 0
12354 0
13254 0
13245 0
13425 1
13452 1
13254 0
13245 0
14235 0
14253 0
14523 1
14532 1
14235 0
14253 0
13254 0
13245 0
13425 1
13452 1
13254 0
13245 0
43215 1
43251 1
43521 0
43512 0
43215 1
43251 1
42351 1
42315 1
42135 0
42153 0
42351 1
42315 1
41325 1
41352 1
41532 0
41523 0
41325 1
41352 1
42351 1
42315 1
42135 0
42153 0
42351 1
42315 1
52314 0
52341 0
52431 1
52413 1
52314 0
52341 0
53241 0
53214 0
53124 1
53142 1
53241 0
53214 0
51234 0
51243 0
51423 1
51432 1
51234 0
51243 0
53241 0
53214 0
53124 1
53142 1
53241 0
53214 0
123 0
132 0
312 1
321 1
123 0
132 0
123 0
132 0
312 1
321 1
123 0
132 0
123 0
132 0
312 1
321 1
123 0
132 0
123 0
132 0
213 1
231 1
321 0
312 0
123 0
132 0
312 1
321 1
123 0
132 0
123 1
132 1
213 1
231 1
321 1
312 1
123 0
132 0
213 1
231 1
321 0
312 0
123 1
132 0
213 0
231 1
321 1
312 0
123 Even
132 Odd
213 Odd
231 Even
321 Even
312 Odd
1234 Odd
1243 Even
1324 Even
1342 Odd
1432 Odd
1423 Even
2134 Odd
2143 Even
2314 Even
2341 Odd
2431 Odd
2413 Even
3214 Odd
3241 Even
3124 Even
3142 Odd
3412 Odd
3421 Even
4231 Odd
4213 Even
4321 Even
4312 Odd
4132 Odd
4123 Even
1234 Odd
1243 Even
1324 Even
1342 Odd
1432 Odd
1423 Even
2134 Odd
2143 Even
2314 Even
2341 Odd
2431 Odd
2413 Even
3214 Odd
3241 Even
3124 Even
3142 Odd
3412 Odd
3421 Even
4231 Odd
4213 Even
4321 Even
4312 Odd
4132 Odd
4123 Even
123 Even
132 Odd
213 Odd
231 Even
321 Even
312 Odd
000 Even
000 Odd
000 Odd
000 Even
000 Even
000 Odd
123 Even
132 Odd
213 Odd
231 Even
321 Even
312 Odd
123 Even
132 Odd
213 Odd
231 Even
321 Even
312 Odd
123 Even
123 Odd
132 Odd
213 Odd
231 Odd
321 Odd
312 Odd
123 Odd
132 Odd
213 Even
231 Even
321 Odd
312 Odd
123 Even
132 Odd
213 Odd
231 Even
321 Even
312 Odd
123 Even
1234 Odd
1234 Odd
